UTHBP003500050043392	20181105071402399901537	1280	720
UTHBP003500050043392	20181105071402315260343	120	150
UTHBP003500050043392	20181105071402331619147	160	149
UTHBP003500050043392	20181105071402362814332	170	160
UTHBP003500050043392	20181105071402377650712	300	300
UTHBP003500050043392	20181105071402309368322	375	200
UTHBP003500050043392	20181105071402324204702	375	384
UTHBP003600050043395	20181105071402465654014	1280	720
UTHBP003600050043395	20181105071402480490394	120	150
UTHBP003600050043395	20181105071402412208004	160	149
UTHBP003600050043395	20181105071402427044384	170	160
UTHBP003600050043395	20181105071402443403189	300	300
UTHBP003600050043395	20181105071402477165650	375	200
UTHBP003600050043395	20181105071402492002030	375	384
UTHBP003700050043396	20181105071402436716336	1280	720
UTHBP003700050043396	20181105071402467911521	120	150
UTHBP003700050043396	20181105071402483270327	160	149
UTHBP003700050043396	20181105071402499629131	170	160
UTHBP003700050043396	20181105071402530399002	300	300
UTHBP003700050043396	20181105071402545235382	375	200
UTHBP003700050043396	20181105071402577952991	375	384
UTHBP003800050043397	20181105071402589949689	1280	720
UTHBP003800050043397	20181105071402505308495	120	150
UTHBP003800050043397	20181105071402520144875	160	149
UTHBP003800050043397	20181105071402536503680	170	160
UTHBP003800050043397	20181105071402552862484	300	300
UTHBP003800050043397	20181105071402567698864	375	200
UTHBP003800050043397	20181105071402583057670	375	384
UTHBP003900050043398	20181105071402595054368	1280	720
UTHBP003900050043398	20181105071402511413173	120	150
UTHBP003900050043398	20181105071402527771977	160	149
UTHBP003900050043398	20181105071402542608357	170	160
UTHBP003900050043398	20181105071402558967161	300	300
UTHBP003900050043398	20181105071402574325968	375	200
UTHBP003900050043398	20181105071402505521152	375	384
UTJEP002300350043383	20181102144101767668990	1280	720
UTJEP002300350043383	20181102144101783027796	120	150
UTJEP002300350043383	20181102144101714222980	160	149
UTJEP002300350043383	20181102144101730581785	170	160
UTJEP002300350043383	20181102144101745418165	300	300
UTJEP002300350043383	20181102144101776613349	375	200
UTJEP002300350043383	20181102144101808905644	375	384
UTJEP002400350043384	20181102144101876400693	1280	720
UTJEP002400350043384	20181102144101892759497	120	150
UTJEP002400350043384	20181102144101808118303	160	149
UTJEP002400350043384	20181102144101823954681	170	160
UTJEP002400350043384	20181102144101841358338	300	300
UTJEP002400350043384	20181102144101872553522	375	200
UTJEP002400350043384	20181102144101803748707	375	384
UTJEP002500350043385	20181102144101942668106	1280	720
UTJEP002500350043385	20181102144101957504486	120	150
UTJEP002500350043385	20181102144101973863290	160	149
UTJEP002500350043385	20181102144101989222096	170	160
UTJEP002500350043385	20181102144101904058476	300	300
UTJEP002500350043385	20181102144101936776085	375	200
UTJEP002500350043385	20181102144101951612465	375	384
UTJEP002600350043388	20181102144101995326774	1280	720
UTJEP002600350043388	20181102144101911685578	120	150
UTJEP002600350043388	20181102144101926521958	160	149
UTJEP002600350043388	20181102144101942880762	170	160
UTJEP002600350043388	20181102144101973075949	300	300
UTJEP002600350043388	20181102144101989434753	375	200
UTJEP002600350043388	20181102144101921152364	375	384
UTJEP002700350043389	20181102144101950030292	1280	720
UTJEP002700350043389	20181102144101966389096	120	150
UTJEP002700350043389	20181102144101982747901	160	149
UTJEP002700350043389	20181102144101997584281	170	160
UTJEP002700350043389	20181102144102028354152	300	300
UTJEP002700350043389	20181102144102044712956	375	200
UTJEP002700350043389	20181102144102075908141	375	384
UTJEP002800350043390	20181102144102014252855	1280	720
UTJEP002800350043390	20181102144102030611659	120	150
UTJEP002800350043390	20181102144102045448039	160	149
UTJEP002800350043390	20181102144102077165650	170	160
UTJEP002800350043390	20181102144102092002030	300	300
UTJEP002800350043390	20181102144102025242065	375	200
UTJEP002800350043390	20181102144102040078445	375	384
UTJEP003000350043392	20181102144102109670602	1280	720
UTJEP003000350043392	20181102144102125029408	120	150
UTJEP003000350043392	20181102144102140865786	160	149
UTJEP003000350043392	20181102144102156224592	170	160
UTJEP003000350043392	20181102144102187419777	300	300
UTJEP003000350043392	20181102144102103778581	375	200
UTJEP003000350043392	20181102144102134973765	375	384
UTJEP003100350043395	20181102144102159004526	1280	720
UTJEP003100350043395	20181102144102174840904	120	150
UTJEP003100350043395	20181102144102190199710	160	149
UTJEP003100350043395	20181102144102105036090	170	160
UTJEP003100350043395	20181102144102137753699	300	300
UTJEP003100350043395	20181102144102152590079	375	200
UTJEP003100350043395	20181102144102168948883	375	384
UTJEP003200350043396	20181102144102205823432	1280	720
UTJEP003200350043396	20181102144102221182238	120	150
UTJEP003200350043396	20181102144102237541042	160	149
UTJEP003200350043396	20181102144102252377422	170	160
UTJEP003200350043396	20181102144102268736227	300	300
UTJEP003200350043396	20181102144102284095033	375	200
UTJEP003200350043396	20181102144102216812641	375	384
UTJEP003300350043398	20181102144102259004526	1280	720
UTJEP003300350043398	20181102144102275363330	120	150
UTJEP003300350043398	20181102144102291722134	160	149
UTJEP003300350043398	20181102144102206558514	170	160
UTJEP003300350043398	20181102144102237753699	300	300
UTJEP003300350043398	20181102144102253112505	375	200
UTJEP003300350043398	20181102144102284307689	375	384
UTRRR002900130043391	20181102144103432928915	1280	720
UTRRR002900130043391	20181102144103448287721	120	150
UTRRR002900130043391	20181102144103479482905	160	149
UTRRR002900130043391	20181102144103495841710	170	160
UTRRR002900130043391	20181102144103410678090	300	300
UTRRR002900130043391	20181102144103442395700	375	200
UTRRR002900130043391	20181102144103457232080	375	384
UTRRR003000130043392	20181102144103476128287	1280	720
UTRRR003000130043392	20181102144103408845896	120	150
UTRRR003000130043392	20181102144103423682276	160	149
UTRRR003000130043392	20181102144103439041082	170	160
UTRRR003000130043392	20181102144103454877460	300	300
UTRRR003000130043392	20181102144103486595071	375	200
UTRRR003000130043392	20181102144103402953875	375	384
UTRRR003100130043395	20181102144103508633239	1280	720
UTRRR003100130043395	20181102144103524992044	120	150
UTRRR003100130043395	20181102144103540350850	160	149
UTRRR003100130043395	20181102144103555187230	170	160
UTRRR003100130043395	20181102144103571546034	300	300
UTRRR003100130043395	20181102144103502741219	375	200
UTRRR003100130043395	20181102144103518100025	375	384
UTRRR003200130043396	20181102144103508845896	1280	720
UTRRR003200130043396	20181102144103524204702	120	150
UTRRR003200130043396	20181102144103540563507	160	149
UTRRR003200130043396	20181102144103555399887	170	160
UTRRR003200130043396	20181102144103586595071	300	300
UTRRR003200130043396	20181102144103502953875	375	200
UTRRR003200130043396	20181102144103533149062	375	384
UTRRR003300130043397	20181102144103629604171	1280	720
UTRRR003300130043397	20181102144103645962975	120	150
UTRRR003300130043397	20181102144103676158162	160	149
UTRRR003300130043397	20181102144103693039392	170	160
UTRRR003300130043397	20181102144103624234577	300	300
UTRRR003300130043397	20181102144103640593381	375	200
UTRRR003300130043397	20181102144103671788565	375	384
UTRRR003400130043398	20181102144103650787759	1280	720
UTRRR003400130043398	20181102144103666146566	120	150
UTRRR003400130043398	20181102144103681982944	160	149
UTRRR003400130043398	20181102144103613700554	170	160
UTRRR003400130043398	20181102144103629059361	300	300
UTRRR003400130043398	20181102144103644895739	375	200
UTRRR003400130043398	20181102144103660254545	375	384
UTDOC003000110043392	20181102144005803748707	1280	720
UTDOC003000110043392	20181102144005820629937	120	150
UTDOC003000110043392	20181102144005834943891	160	149
UTDOC003000110043392	20181102144005850302697	170	160
UTDOC003000110043392	20181102144005865139077	300	300
UTDOC003000110043392	20181102144005897856686	375	200
UTDOC003000110043392	20181102144005812693066	375	384
UTDOC003100110043395	20181102144005978445543	1280	720
UTDOC003100110043395	20181102144005993281923	120	150
UTDOC003100110043395	20181102144005925999532	160	149
UTDOC003100110043395	20181102144005940835912	170	160
UTDOC003100110043395	20181102144005956194718	300	300
UTDOC003100110043395	20181102144005972553522	375	200
UTDOC003100110043395	20181102144005903748707	375	384
UTDOC003200110043396	20181102144005993494580	1280	720
UTDOC003200110043396	20181102144100025786875	120	150
UTDOC003200110043396	20181102144100056982059	160	149
UTDOC003200110043396	20181102144100072340866	170	160
UTDOC003200110043396	20181102144100087177246	300	300
UTDOC003200110043396	20181102144100003536050	375	200
UTDOC003200110043396	20181102144100018372430	375	384
UTDOC003300110043397	20181102144100000938899	1280	720
UTDOC003300110043397	20181102144100016297705	120	150
UTDOC003300110043397	20181102144100031134085	160	149
UTDOC003300110043397	20181102144100047492890	170	160
UTDOC003300110043397	20181102144100063851694	300	300
UTDOC003300110043397	20181102144100078688074	375	200
UTDOC003300110043397	20181102144100094046880	375	384
UTDOC003400110043398	20181102144100053597567	1280	720
UTDOC003400110043398	20181102144100069956371	120	150
UTDOC003400110043398	20181102144100085315178	160	149
UTDOC003400110043398	20181102144100101248669	170	160
UTDOC003400110043398	20181102144100117607473	300	300
UTDOC003400110043398	20181102144100148802657	375	200
UTDOC003400110043398	20181102144100164161464	375	384
UTIEN002800310043390	20181102144101425757001	1280	720
UTIEN002800310043390	20181102144101441115807	120	150
UTIEN002800310043390	20181102144101456952185	160	149
UTIEN002800310043390	20181102144101472310991	170	160
UTIEN002800310043390	20181102144101487147371	300	300
UTIEN002800310043390	20181102144101404028602	375	200
UTIEN002800310043390	20181102144101419864980	375	384
UTIEN002900310043391	20181102144101498864174	1280	720
UTIEN002900310043391	20181102144101413700554	120	150
UTIEN002900310043391	20181102144101429059361	160	149
UTIEN002900310043391	20181102144101445418165	170	160
UTIEN002900310043391	20181102144101476613349	300	300
UTIEN002900310043391	20181102144101491449729	375	200
UTIEN002900310043391	20181102144101507383220	375	384
UTIEN003000310043392	20181102144101569501184	1280	720
UTIEN003000310043392	20181102144101585859988	120	150
UTIEN003000310043392	20181102144101500696368	160	149
UTIEN003000310043392	20181102144101516055174	170	160
UTIEN003000310043392	20181102144101532413979	300	300
UTIEN003000310043392	20181102144101547250359	375	200
UTIEN003000310043392	20181102144101563609163	375	384
UTIEN003100310043395	20181102144101525727127	1280	720
UTIEN003100310043395	20181102144101540563507	120	150
UTIEN003100310043395	20181102144101556922311	160	149
UTIEN003100310043395	20181102144101572281117	170	160
UTIEN003100310043395	20181102144101503476302	300	300
UTIEN003100310043395	20181102144101519835106	375	200
UTIEN003100310043395	20181102144101534671486	375	384
UTIEN003200310043396	20181102144101606588389	1280	720
UTIEN003200310043396	20181102144101621424769	120	150
UTIEN003200310043396	20181102144101637783573	160	149
UTIEN003200310043396	20181102144101653142379	170	160
UTIEN003200310043396	20181102144101668978757	300	300
UTIEN003200310043396	20181102144101684337564	375	200
UTIEN003200310043396	20181102144101600696368	375	384
UTIEN003300310043397	20181102144101605278621	1280	720
UTIEN003300310043397	20181102144101636473805	120	150
UTIEN003300310043397	20181102144101651310186	160	149
UTIEN003300310043397	20181102144101667668990	170	160
UTIEN003300310043397	20181102144101683027796	300	300
UTIEN003300310043397	20181102144101616267831	375	200
UTIEN003300310043397	20181102144101631104211	375	384
UTETL003300380043390	20181102144100631619147	1280	720
UTETL003300380043390	20181102144100647977952	120	150
UTETL003300380043390	20181102144100663336758	160	149
UTETL003300380043390	20181102144100678173138	170	160
UTETL003300380043390	20181102144100694531942	300	300
UTETL003300380043390	20181102144100625727127	375	200
UTETL003300380043390	20181102144100641085933	375	384
UTETL003400380043391	20181102144100783572607	1280	720
UTETL003400380043391	20181102144100799931411	120	150
UTETL003400380043391	20181102144100715290217	160	149
UTETL003400380043391	20181102144100730126597	170	160
UTETL003400380043391	20181102144100762844206	300	300
UTETL003400380043391	20181102144100777680586	375	200
UTETL003400380043391	20181102144100793039392	375	384
UTETL003500380043392	20181102144100715502874	1280	720
UTETL003500380043392	20181102144100746698058	120	150
UTETL003500380043392	20181102144100762056864	160	149
UTETL003500380043392	20181102144100778415669	170	160
UTETL003500380043392	20181102144100793252049	300	300
UTETL003500380043392	20181102144100709610853	375	200
UTETL003500380043392	20181102144100741328464	375	384
UTETL003600380043393	20181102144100883815137	1280	720
UTETL003600380043393	20181102144100815532748	120	150
UTETL003600380043393	20181102144100830369128	160	149
UTETL003600380043393	20181102144100846727932	170	160
UTETL003600380043393	20181102144100861564312	300	300
UTETL003600380043393	20181102144100893281923	375	200
UTETL003600380043393	20181102144100808118303	375	384
UTETL003700380043395	20181102144100892729623	1280	720
UTETL003700380043395	20181102144100823924807	120	150
UTETL003700380043395	20181102144100839283613	160	149
UTETL003700380043395	20181102144100855642418	170	160
UTETL003700380043395	20181102144100888882452	300	300
UTETL003700380043395	20181102144100903293519	375	200
UTETL003700380043395	20181102144100935011130	375	384
UTJJP003900230043391	20181105071402916297705	1280	720
UTJJP003900230043391	20181105071402932656510	120	150
UTJJP003900230043391	20181105071402948015316	160	149
UTJJP003900230043391	20181105071402963851694	170	160
UTJJP003900230043391	20181105071402979210500	300	300
UTJJP003900230043391	20181105071402994046880	375	200
UTJJP003900230043391	20181105071402926764489	375	384
UTJJP004000230043392	20181105071402938761187	1280	720
UTJJP004000230043392	20181105071402954119993	120	150
UTJJP004000230043392	20181105071402969956371	160	149
UTJJP004000230043392	20181105071402985315178	170	160
UTJJP004000230043392	20181105071403016085049	300	300
UTJJP004000230043392	20181105071403032443853	375	200
UTJJP004000230043392	20181105071403047280233	375	384
UTJJP004100230043395	20181105071403091994540	1280	720
UTJJP004100230043395	20181105071403022189726	120	150
UTJJP004100230043395	20181105071403038548530	160	149
UTJJP004100230043395	20181105071403054907335	170	160
UTJJP004100230043395	20181105071403085102521	300	300
UTJJP004100230043395	20181105071403001461325	375	200
UTJJP004100230043395	20181105071403032656510	375	384
UTJJP004200230043398	20181105071403060012014	1280	720
UTJJP004200230043398	20181105071403091207198	120	150
UTJJP004200230043398	20181105071403007566003	160	149
UTJJP004200230043398	20181105071403022402383	170	160
UTJJP004200230043398	20181105071403054119993	300	300
UTJJP004200230043398	20181105071403069956371	375	200
UTJJP004200230043398	20181105071403101248669	375	384
UTLLS002700040043398	20181102144102903778581	1280	720
UTLLS002700040043398	20181102144102918614961	120	150
UTLLS002700040043398	20181102144102934973765	160	149
UTLLS002700040043398	20181102144102965168952	170	160
UTLLS002700040043398	20181102144102981527756	300	300
UTLLS002700040043398	20181102144102996364136	375	200
UTLLS002700040043398	20181102144102913245367	375	384
UTLLS002800040043402	20181102144102988154860	1280	720
UTLLS002800040043402	20181102144102904513664	120	150
UTLLS002800040043402	20181102144102919350044	160	149
UTLLS002800040043402	20181102144102935708848	170	160
UTLLS002800040043402	20181102144102951067655	300	300
UTLLS002800040043402	20181102144102966904033	375	200
UTLLS002800040043402	20181102144102997099219	375	384
UTLLS002900040043403	20181102144103078717948	1280	720
UTLLS002900040043403	20181102144103009913133	120	150
UTLLS002900040043403	20181102144103025271939	160	149
UTLLS002900040043403	20181102144103041630743	170	160
UTLLS002900040043403	20181102144103058511974	300	300
UTLLS002900040043403	20181102144103089707158	375	200
UTLLS002900040043403	20181102144103005065964	375	384
UTLLS003000040043404	20181102144103082020308	1280	720
UTLLS003000040043404	20181102144103013215492	120	150
UTLLS003000040043404	20181102144103029574297	160	149
UTLLS003000040043404	20181102144103045933101	170	160
UTLLS003000040043404	20181102144103060769481	300	300
UTLLS003000040043404	20181102144103092487092	375	200
UTLLS003000040043404	20181102144103007323472	375	384
UTFTN004200650043401	20181102144100925757001	1280	720
UTFTN004200650043401	20181102144100941115807	120	150
UTFTN004200650043401	20181102144100956952185	160	149
UTFTN004200650043401	20181102144100972310991	170	160
UTFTN004200650043401	20181102144100988669796	300	300
UTFTN004200650043401	20181102144100903506176	375	200
UTFTN004200650043401	20181102144100935223786	375	384
UTSIX000500510043401	20181102144103701431451	1280	720
UTSIX000500510043401	20181102144103717790255	120	150
UTSIX000500510043401	20181102144103748985440	160	149
UTSIX000500510043401	20181102144103763821820	170	160
UTSIX000500510043401	20181102144103779180626	300	300
UTSIX000500510043401	20181102144103795539430	375	200
UTSIX000500510043401	20181102144103826309301	375	384
UTDRP003500170043399	20181102144100351825122	1280	720
UTDRP003500170043399	20181102144100367183928	120	150
UTDRP003500170043399	20181102144100398379112	160	149
UTDRP003500170043399	20181102144100314737917	170	160
UTDRP003500170043399	20181102144100329574297	300	300
UTDRP003500170043399	20181102144100361291907	375	200
UTDRP003500170043399	20181102144100376128287	375	384
UTDRP003600170043402	20181102144100414525260	1280	720
UTDRP003600170043402	20181102144100429361640	120	150
UTDRP003600170043402	20181102144100445720444	160	149
UTDRP003600170043402	20181102144100461079251	170	160
UTDRP003600170043402	20181102144100492274435	300	300
UTDRP003600170043402	20181102144100407110815	375	200
UTDRP003600170043402	20181102144100423469619	375	384
UTDRP003700170043403	20181102144100499901537	1280	720
UTDRP003700170043403	20181102144100415260343	120	150
UTDRP003700170043403	20181102144100431619147	160	149
UTDRP003700170043403	20181102144100446455527	170	160
UTDRP003700170043403	20181102144100462814332	300	300
UTDRP003700170043403	20181102144100477650712	375	200
UTDRP003700170043403	20181102144100493009518	375	384
UTDRP003800170043404	20181102144100588942201	1280	720
UTDRP003800170043404	20181102144100519137387	120	150
UTDRP003800170043404	20181102144100535496192	160	149
UTDRP003800170043404	20181102144100550332572	170	160
UTDRP003800170043404	20181102144100566691376	300	300
UTDRP003800170043404	20181102144100597886560	375	200
UTDRP003800170043404	20181102144100513245367	375	384
UTDRP003900170043405	20181102144100520872468	1280	720
UTDRP003900170043405	20181102144100536231275	120	150
UTDRP003900170043405	20181102144100551067655	160	149
UTDRP003900170043405	20181102144100567426459	170	160
UTDRP003900170043405	20181102144100583785263	300	300
UTDRP003900170043405	20181102144100514980448	375	200
UTDRP003900170043405	20181102144100529816828	375	384
UTHBP004000050043399	20181105071402619137387	1280	720
UTHBP004000050043399	20181105071402635496192	120	150
UTHBP004000050043399	20181105071402650332572	160	149
UTHBP004000050043399	20181105071402681527756	170	160
UTHBP004000050043399	20181105071402697886560	300	300
UTHBP004000050043399	20181105071402613245367	375	200
UTHBP004000050043399	20181105071402644440551	375	384
UTHBP004100050043402	20181105071402672796053	1280	720
UTHBP004100050043402	20181105071402603991238	120	150
UTHBP004100050043402	20181105071402619350044	160	149
UTHBP004100050043402	20181105071402635708848	170	160
UTHBP004100050043402	20181105071402666904033	300	300
UTHBP004100050043402	20181105071402681740413	375	200
UTHBP004100050043402	20181105071402697099219	375	384
UTHBS004200050043402	20181105071402815260343	1280	720
UTHBS004200050043402	20181105071402830096723	120	150
UTHBS004200050043402	20181105071402846455527	160	149
UTHBS004200050043402	20181105071402862814332	170	160
UTHBS004200050043402	20181105071402877650712	300	300
UTHBS004200050043402	20181105071402893009518	375	200
UTHBS004200050043402	20181105071402824204702	375	384
UTHBP004300050043403	20181105071402716327580	1280	720
UTHBP004300050043403	20181105071402738820935	120	150
UTHBP004300050043403	20181105071402747522764	160	149
UTHBP004300050043403	20181105071402763881568	170	160
UTHBP004300050043403	20181105071402779240375	300	300
UTHBP004300050043403	20181105071402794076755	375	200
UTHBP004300050043403	20181105071402725271939	375	384
UTHBS004400050043403	20181105071402921939705	1280	720
UTHBS004400050043403	20181105071402937298511	120	150
UTHBS004400050043403	20181105071402952134891	160	149
UTHBS004400050043403	20181105071402968493696	170	160
UTHBS004400050043403	20181105071402983330076	300	300
UTHBS004400050043403	20181105071402999688880	375	200
UTHBS004400050043403	20181105071402931406491	375	384
UTHBP004500050043404	20181105071402724477107	1280	720
UTHBP004500050043404	20181105071402739313487	120	150
UTHBP004500050043404	20181105071402755672292	160	149
UTHBP004500050043404	20181105071402771031098	170	160
UTHBP004500050043404	20181105071402786867476	300	300
UTHBP004500050043404	20181105071402702226282	375	200
UTHBP004500050043404	20181105071402718585087	375	384
UTHBP004600050043405	20181105071402730581785	1280	720
UTHBP004600050043405	20181105071402746940589	120	150
UTHBP004600050043405	20181105071402761776969	160	149
UTHBP004600050043405	20181105071402777135775	170	160
UTHBP004600050043405	20181105071402794017006	300	300
UTHBP004600050043405	20181105071402810950495	375	200
UTHBP004600050043405	20181105071402825786875	375	384
UTHBP004700050043406	20181105071402822947193	1280	720
UTHBP004700050043406	20181105071402838305999	120	150
UTHBP004700050043406	20181105071402853142379	160	149
UTHBP004700050043406	20181105071402869501184	170	160
UTHBP004700050043406	20181105071402885859988	300	300
UTHBP004700050043406	20181105071402800696368	375	200
UTHBP004700050043406	20181105071402816055174	375	384
UTJEP003500350043399	20181102144102306345858	1280	720
UTJEP003500350043399	20181102144102322704662	120	150
UTJEP003500350043399	20181102144102337541042	160	149
UTJEP003500350043399	20181102144102353899846	170	160
UTJEP003500350043399	20181102144102384095033	300	300
UTJEP003500350043399	20181102144102300453837	375	200
UTJEP003500350043399	20181102144102331649021	375	384
UTJEP003600350043402	20181102144102326007022	1280	720
UTJEP003600350043402	20181102144102342365826	120	150
UTJEP003600350043402	20181102144102357202206	160	149
UTJEP003600350043402	20181102144102373561011	170	160
UTJEP003600350043402	20181102144102389919815	300	300
UTJEP003600350043402	20181102144102306801045	375	200
UTJEP003600350043402	20181102144102337996230	375	384
UTJEP003700350043403	20181102144102416570110	1280	720
UTJEP003700350043403	20181102144102432928915	120	150
UTJEP003700350043403	20181102144102448287721	160	149
UTJEP003700350043403	20181102144102463124101	170	160
UTJEP003700350043403	20181102144102480005332	300	300
UTJEP003700350043403	20181102144102496364136	375	200
UTJEP003700350043403	20181102144102427559320	375	384
UTJEP003800350043404	20181102144102438276125	1280	720
UTJEP003800350043404	20181102144102454634929	120	150
UTJEP003800350043404	20181102144102470993734	160	149
UTJEP003800350043404	20181102144102485830114	170	160
UTJEP003800350043404	20181102144102416025300	300	300
UTJEP003800350043404	20181102144102433906529	375	200
UTJEP003800350043404	20181102144102464101715	375	384
UTJEP003900350043405	20181102144102509913133	1280	720
UTJEP003900350043405	20181102144102524749513	120	150
UTJEP003900350043405	20181102144102540108319	160	149
UTJEP003900350043405	20181102144102556467123	170	160
UTJEP003900350043405	20181102144102587662308	300	300
UTJEP003900350043405	20181102144102502498688	375	200
UTJEP003900350043405	20181102144102534216298	375	384
UTMMA201700010043133	20181009065704333149062	1280	720